1 0.150000 0.646667 0.085000 0.080000
0 0.020000 0.228333 0.035000 0.050000
0 0.066250 0.208333 0.037500 0.056667
0 0.136250 0.250000 0.032500 0.053333
0 0.063750 0.406667 0.037500 0.053333
0 0.147500 0.041667 0.040000 0.030000
0 0.292500 0.171667 0.035000 0.050000
0 0.350000 0.218333 0.035000 0.056667
0 0.382500 0.233333 0.035000 0.046667
0 0.257500 0.393333 0.035000 0.040000
0 0.528750 0.230000 0.027500 0.053333
0 0.666250 0.148333 0.037500 0.070000
0 0.753750 0.170000 0.027500 0.046667
0 0.283750 0.065000 0.032500 0.036667
1 0.096250 0.531667 0.057500 0.076667
1 0.338750 0.553333 0.067500 0.073333
1 0.421250 0.555000 0.052500 0.070000
1 0.588750 0.276667 0.057500 0.060000
1 0.873750 0.330000 0.052500 0.093333
1 0.886250 0.168333 0.062500 0.070000
0 0.273750 0.973333 0.062500 0.053333
