1 0.272500 0.697778 0.025000 0.035556
1 0.346250 0.908889 0.037500 0.040000
1 0.435000 0.826667 0.030000 0.035556
1 0.401250 0.813333 0.032500 0.026667
1 0.636250 0.886667 0.032500 0.031111
1 0.681250 0.980000 0.032500 0.040000
1 0.957500 0.946667 0.030000 0.035556
1 0.491250 0.668889 0.027500 0.031111
1 0.737500 0.628889 0.035000 0.040000
1 0.370000 0.502222 0.030000 0.026667
1 0.457500 0.466667 0.035000 0.035556
1 0.018750 0.526667 0.032500 0.031111
1 0.566250 0.400000 0.027500 0.044444
1 0.511250 0.377778 0.022500 0.026667
1 0.636250 0.422222 0.032500 0.026667
1 0.757500 0.515556 0.035000 0.035556
1 0.770000 0.428889 0.020000 0.031111
0 0.120000 0.646667 0.030000 0.022222
0 0.301250 0.486667 0.017500 0.022222
0 0.150000 0.277778 0.020000 0.013333
0 0.285000 0.284444 0.020000 0.026667
0 0.367500 0.220000 0.025000 0.022222
1 0.392500 0.720000 0.035000 0.035556
0 0.160000 0.722222 0.025000 0.040000
1 0.991250 0.913333 0.017500 0.040000
