1 0.203750 0.906367 0.132500 0.149813
1 0.682500 0.441948 0.100000 0.119850
1 0.823750 0.516854 0.067500 0.104869
1 0.488750 0.363296 0.097500 0.089888
0 0.363750 0.691011 0.112500 0.101124
0 0.065000 0.514981 0.090000 0.093633
0 0.227500 0.134831 0.060000 0.067416
0 0.090000 0.142322 0.060000 0.059925
0 0.637500 0.134831 0.075000 0.067416
0 0.628750 0.683521 0.057500 0.101124
0 0.870000 0.153558 0.045000 0.059925
0 0.437500 0.159176 0.045000 0.063670
0 0.251250 0.288390 0.047500 0.052434
0 0.220000 0.492509 0.065000 0.116105
0 0.750000 0.290262 0.040000 0.063670
0 0.570000 0.265918 0.065000 0.067416
1 0.493750 0.127341 0.037500 0.059925
1 0.931250 0.327715 0.087500 0.078652
