1 0.116250 0.569288 0.122500 0.149813
1 0.426250 0.719101 0.132500 0.149813
1 0.667500 0.844569 0.135000 0.153558
1 0.817500 0.788390 0.085000 0.123596
1 0.535000 0.812734 0.090000 0.104869
1 0.475000 0.445693 0.065000 0.059925
1 0.651250 0.468165 0.072500 0.089888
1 0.720000 0.436330 0.070000 0.093633
1 0.561250 0.333333 0.052500 0.059925
1 0.511250 0.391386 0.037500 0.071161
1 0.738750 0.136704 0.037500 0.041199
1 0.595000 0.228464 0.030000 0.059925
1 0.536250 0.207865 0.032500 0.048689
1 0.497500 0.295880 0.050000 0.052434
1 0.467500 0.080524 0.025000 0.033708
1 0.576250 0.162921 0.027500 0.041199
1 0.647500 0.149813 0.025000 0.037453
1 0.680000 0.204120 0.035000 0.041199
