1 0.100000 0.739700 0.055000 0.063670
1 0.261250 0.760300 0.042500 0.044944
1 0.325000 0.705993 0.045000 0.033708
1 0.417500 0.691011 0.035000 0.041199
1 0.355000 0.591760 0.040000 0.037453
1 0.535000 0.790262 0.055000 0.059925
1 0.508750 0.709738 0.042500 0.041199
1 0.460000 0.638577 0.040000 0.048689
1 0.547500 0.606742 0.030000 0.037453
1 0.601250 0.589888 0.047500 0.041199
1 0.616250 0.498127 0.032500 0.029963
1 0.512500 0.455056 0.030000 0.033708
1 0.731250 0.423221 0.022500 0.037453
0 0.046250 0.735955 0.022500 0.048689
0 0.580000 0.977528 0.055000 0.044944
0 0.370000 0.681648 0.030000 0.044944
0 0.323750 0.582397 0.027500 0.041199
0 0.398750 0.601124 0.037500 0.026217
