1 0.382500 0.838951 0.080000 0.082397
1 0.121250 0.634831 0.097500 0.048689
1 0.247500 0.569288 0.075000 0.074906
1 0.315000 0.541199 0.050000 0.056180
1 0.360000 0.430712 0.065000 0.044944
1 0.473750 0.488764 0.067500 0.063670
1 0.535000 0.402622 0.055000 0.063670
1 0.773750 0.477528 0.097500 0.101124
1 0.162500 0.451311 0.045000 0.048689
1 0.561250 0.267790 0.042500 0.041199
1 0.465000 0.237828 0.035000 0.033708
1 0.310000 0.267790 0.045000 0.033708
0 0.271250 0.383895 0.042500 0.033708
1 0.093750 0.348315 0.042500 0.037453
1 0.150000 0.365169 0.035000 0.033708
1 0.152500 0.260300 0.035000 0.041199
1 0.226250 0.220974 0.042500 0.037453
1 0.627500 0.361423 0.030000 0.048689
1 0.927500 0.537453 0.030000 0.056180
