1 0.126250 0.810861 0.037500 0.033708
1 0.150000 0.940075 0.050000 0.059925
1 0.255000 0.889513 0.040000 0.033708
1 0.377500 0.831461 0.045000 0.037453
1 0.326250 0.516854 0.042500 0.044944
1 0.178750 0.617978 0.052500 0.052434
1 0.101250 0.494382 0.037500 0.037453
1 0.042500 0.376404 0.045000 0.026217
1 0.442500 0.588015 0.050000 0.052434
1 0.555000 0.507491 0.050000 0.041199
1 0.722500 0.814607 0.060000 0.071161
1 0.961250 0.762172 0.052500 0.063670
1 0.802500 0.559925 0.035000 0.041199
1 0.601250 0.417603 0.032500 0.033708
1 0.898750 0.524345 0.032500 0.059925
1 0.641250 0.262172 0.042500 0.044944
1 0.082500 0.312734 0.045000 0.033708
1 0.772500 0.391386 0.035000 0.041199
