1 0.043750 0.277108 0.052500 0.080321
1 0.110000 0.263052 0.060000 0.084337
1 0.275000 0.166667 0.050000 0.060241
1 0.238750 0.361446 0.052500 0.072289
1 0.312500 0.315261 0.060000 0.076305
1 0.393750 0.327309 0.052500 0.076305
1 0.343750 0.212851 0.052500 0.064257
1 0.445000 0.242972 0.060000 0.076305
1 0.510000 0.297189 0.060000 0.080321
1 0.575000 0.267068 0.050000 0.084337
1 0.690000 0.295181 0.055000 0.068273
1 0.838750 0.271084 0.067500 0.084337
1 0.940000 0.253012 0.060000 0.080321
1 0.750000 0.293173 0.040000 0.072289
