1 0.088750 0.491111 0.072500 0.111111
1 0.335000 0.515556 0.065000 0.080000
1 0.511250 0.526667 0.082500 0.102222
1 0.673750 0.482222 0.047500 0.093333
1 0.737500 0.455556 0.045000 0.066667
1 0.893750 0.368889 0.047500 0.080000
1 0.397500 0.386667 0.035000 0.080000
0 0.187500 0.368889 0.030000 0.053333
0 0.451250 0.404444 0.032500 0.053333
0 0.496250 0.306667 0.037500 0.062222
0 0.581250 0.302222 0.057500 0.071111
0 0.780000 0.504444 0.040000 0.075556
0 0.952500 0.404444 0.040000 0.062222
0 0.698750 0.346667 0.022500 0.044444
0 0.816250 0.351111 0.022500 0.044444
