1 0.141250 0.571161 0.067500 0.048689
1 0.450000 0.597378 0.070000 0.056180
1 0.481250 0.425094 0.082500 0.063670
1 0.427500 0.320225 0.060000 0.063670
1 0.797500 0.636704 0.065000 0.037453
1 0.825000 0.181648 0.060000 0.048689
1 0.747500 0.076779 0.060000 0.063670
0 0.168750 0.389513 0.057500 0.052434
0 0.171250 0.235955 0.047500 0.037453
0 0.111250 0.102996 0.042500 0.026217
0 0.467500 0.170412 0.040000 0.041199
0 0.700000 0.445693 0.060000 0.052434
0 0.812500 0.305243 0.045000 0.033708
0 0.923750 0.022472 0.032500 0.029963
